0 DELTA 1 R/B(1)
1 10062U 77048B   17118.88080880 +.00000110 +00000-0 +14952-5 0  9991
2 10062 028.4215 346.9754 0736925 320.6975 034.2252 13.36572182940138
0 SL-3 R/B
1 10114U 77057B   17118.93111607 +.00000497 +00000-0 +28505-4 0  9993
2 10114 097.2002 303.7058 0015413 127.3704 232.8936 15.16687103175883
0 SL-8 R/B
1 10121U 77059B   17118.83005245 +.00000050 +00000-0 +26304-4 0  9992
2 10121 074.0484 222.1398 0019661 228.6073 131.3390 14.35807985082541
0 SL-8 R/B
1 10521U 77119B   17118.94971264 +.00000075 +00000-0 +31759-4 0  9995
2 10521 074.0293 358.0894 0020648 019.8885 340.3071 14.40668555064903
0 SL-3 R/B
1 10582U 78004B   11300.91480926 +.03637523 -94300-6 +39843-3 0  9991
2 10582 081.1592 191.9218 0006884 153.4864 206.6171 16.37308531863683
0 UME 2 (ISS-B)
1 10674U 78018A   17118.96926045 -.00000054 +00000-0 -64367-5 0  9993
2 10674 069.3597 137.8073 0161581 131.0069 245.7284 13.43602380922522
0 SL-8 R/B
1 10677U 78019B   17118.91926323 +.00000068 +00000-0 +30058-4 0  9993
2 10677 074.0401 032.4419 0014404 121.3863 238.8703 14.40019094055147
0 SL-3 R/B
1 10861U 78045B   13319.63457375  .11496778 -92355-6  23341-3 0  9997
2 10861 081.1669 269.3699 0003216 253.0327 107.0561 16.47147531955207
0 SEASAT 1
1 10967U 78064A   17118.85686851 -.00000015 +00000-0 +36008-4 0  9991
2 10967 108.0057 196.3559 0002700 270.3330 089.7505 14.43639227039255
0 COSMOS 1025
1 10973U 78067A   07069.44117781  .15194120 -12345-5  15273-3 0  9998
2 10973 082.4082 101.0362 0009783 254.7134 218.0656 16.50741723574574
0 SL-14 R/B
1 10974U 78067B   17118.84648849 +.00000127 +00000-0 +11272-4 0  9995
2 10974 082.4846 215.9237 0018392 143.0349 217.2140 14.87226227079117
0 SL-8 R/B
1 11112U 78105B   17118.84323739 +.00000060 +00000-0 +28900-4 0  9993
2 11112 074.0305 257.0746 0032915 063.8059 296.6472 14.37124378012413
0 METEOR 1-29
1 11251U 79005A   17118.64171780 +.00001652 +00000-0 +49195-4 0  9999
2 11251 097.7587 332.5791 0015175 248.3177 111.6450 15.36217714632473
0 SL-14 R/B
1 11267U 79011B   17118.90416821 +.00000113 +00000-0 +92946-5 0  9994
2 11267 082.5233 276.0040 0017833 038.0147 322.2325 14.88833940046935
0 SL-3 R/B
1 11332U 79032B   09128.99194196  .28742236 -98106-6  11963-3 0  9997
2 11332 081.2079 330.3676 0011717 252.5071 107.8361 16.57177424659095
0 SL-8 R/B
1 11427U 79060B   17118.62509766 -.00000013 +00000-0 +46131-5 0  9991
2 11427 074.0159 118.2322 0021379 269.6124 090.2580 14.37302901980533
0 SL-8 R/B
1 11511U 79078B   17118.93654352 +.00000031 +00000-0 +19344-4 0  9994
2 11511 074.0385 045.8228 0016557 299.4271 060.5229 14.36764433971287
0 SL-8 R/B
1 11574U 79089B   17118.89736892 +.00000028 +00000-0 +16921-4 0  9994
2 11574 074.0685 310.0242 0016609 229.4907 130.4802 14.40625446969858
0 COSMOS 1151
1 11671U 80005A   14216.59500176  .14838416 -12223-5  12758-3 0  9993
2 11671 082.4436 262.1980 0010847 239.2010 121.7391 16.51711581895956
0 SL-14 R/B
1 11672U 80005B   17118.95140440 +.00000114 +00000-0 +97231-5 0  9998
2 11672 082.5129 125.8540 0018170 118.1077 242.1980 14.87860590994953
0 SL-3 R/B
1 11822U 80044B   17118.89977545 +.00003836 +00000-0 +80975-4 0  9995
2 11822 081.2300 280.9195 0013647 130.2004 230.0437 15.44796544025628
0 SL-3 R/B
1 11849U 80051B   16134.66285752  .18118139  28606-5  22885-3 0  9990
2 11849  97.6851  91.5878 0009508 240.6204 119.7488 16.49289048975997
0 SL-3 R/B
1 11933U 80069B   14142.00220786  .13526183 -93797-6  14751-3 0  9999
2 11933 081.1638 015.6664 0010317 233.6206 126.8454 16.50143735859229
0 COSMOS 1220
1 12054U 80089A   14046.92356602  .10642788  78504-5  35630-3 0  9990
2 12054 064.9024 045.5536 0015341 327.6303 033.4497 16.43050581730424
0 SL-8 R/B
1 12139U 81003B   17118.85016643 +.00001535 +00000-0 +74974-4 0  9998
2 12139 082.9505 212.3223 0474654 297.4178 057.9495 14.53648293839802
0 COSMOS 1242
1 12154U 81008A   14128.76108772  .22952414  00000-0  00000+0 0  9992
2 12154 081.0788 145.6503 0163402 265.2440 091.5794 16.49137473828930
0 SL-3 R/B
1 12155U 81008B   17118.96486732 +.00001428 +00000-0 +46616-4 0  9996
2 12155 081.1606 124.6851 0030602 151.9348 208.3546 15.30592925953092
0 SL-8 R/B
1 12389U 81033B   15192.92184244  .24045308 -12285-5  13476-3 0  9994
2 12389 082.8246 077.2321 0005162 254.4661 106.7109 16.55182833770380
0 SL-8 R/B
1 12443U 81041B   17118.85619219 +.00000024 +00000-0 +17621-4 0  9994
2 12443 074.0542 257.2559 0004425 358.5638 001.5501 14.34669506880738
0 SL-3 R/B
1 12465U 81046B   17118.92052493 +.00000618 +00000-0 +32275-4 0  9997
2 12465 081.2417 081.0151 0035907 124.1184 236.3459 15.13784785946914
0 METEOR PRIRODA
1 12585U 81065A   17118.93644360 +.00000972 +00000-0 +47877-4 0  9999
2 12585 097.4274 098.9635 0013987 206.5156 153.5365 15.20259456948973
0 COSMOS 1299
1 12783U 81081A   17118.95392503 -.00000091 +00000-0 -23680-5 0  9999
2 12783 065.1170 064.4189 0052947 276.3323 083.1710 13.85363775805098
0 SL-3 R/B
1 12904U 81103B   17118.92104026 +.00000550 +00000-0 +36623-4 0  9995
2 12904 081.1760 331.8332 0027427 225.8539 134.0429 15.05249312485192
0 SL-3 R/B
1 13068U 82013B   17118.89358092 +.00000040 +00000-0 +10772-5 0  9990
2 13068 081.2008 278.7329 0023466 118.0725 242.2875 15.06897242915809
0 SL-14 R/B
1 13114U 82025B   17118.86425365 +.00000020 +00000-0 +51256-5 0  9990
2 13114 082.5407 241.9989 0013281 290.4699 180.7940 13.84659611773587
0 SL-3 R/B
1 13154U 82039B   17118.93278772 +.00000413 +00000-0 +32191-4 0  9997
2 13154 081.1817 286.0607 0041462 092.1127 268.4841 14.98299074896087
0 COSMOS 1365
1 13175U 82043A   17118.90252429 -.00000085 +00000-0 +34475-5 0  9997
2 13175 065.0684 265.2238 0045206 139.1891 032.5435 13.89597982776615
0 LANDSAT 4
1 13367U 82072A   17118.92384465 +.00000880 +00000-0 +50116-4 0  9991
2 13367 098.2445 277.5014 0013511 014.4078 137.5899 15.15808563302879
0 COSMOS 1400
1 13402U 82079A   14256.66778491  .27275328 -94809-6  79222-3 0  9990
2 13402 081.0858 318.9218 0010816 262.6711 226.2494 16.44432491764223
0 SL-3 R/B
1 13403U 82079B   17118.90839486 +.00000845 +00000-0 +54728-4 0  9999
2 13403 081.1676 325.7863 0035219 080.2783 280.2415 15.06552004889087
0 COSMOS 1408
1 13552U 82092A   17118.90328880 +.00001525 +00000-0 +58365-4 0  9997
2 13552 082.5681 338.5938 0018038 214.8941 145.1116 15.25623086889299
0 SL-14 R/B
1 13553U 82092B   17118.94224312 +.00000106 +00000-0 +97773-5 0  9998
2 13553 082.5667 279.9551 0020777 203.7648 270.0584 14.84117550848646
0 COSMOS 1410
1 13589U 82096A   17118.72623111 +.00000004 +00000-0 -43290-4 0  9999
2 13589 082.6111 354.7264 0007214 042.1891 019.8819 12.42301536569662
0 OPS 9845 (DMSP 5D-2 F6)
1 13736U 82118A   17118.94457008 +.00000012 +00000-0 +21702-4 0  9994
2 13736 098.5799 307.4554 0008407 047.1412 313.0475 14.29226411788328
0 COSMOS 1437
1 13770U 83003A   17118.90010308 +.00006701 +00000-0 +11457-3 0  9996
2 13770 081.1598 208.9989 0007538 078.8215 281.3879 15.51049739878602
0 IRAS
1 13777U 83004A   17118.93632730 -.00000218 +00000-0 -11741-3 0  9991
2 13777 098.9576 310.6658 0020102 185.4331 305.7872 14.00398281419372
0 SL-8 R/B
1 13917U 83021B   17118.96522506 +.00000096 +00000-0 +82134-4 0  9995
2 13917 082.9408 283.3710 0029106 030.6323 079.3906 13.76816794712559
0 COSMOS 1455
1 14032U 83037A   17118.62171128 +.00000762 +00000-0 +36758-4 0  9995
2 14032 082.5144 136.2230 0019323 091.9181 268.4266 15.16962453853620
0 COSMOS 1461
1 14064U 83044A   17118.43896484 +.00000902 +00000-0 +94378-4 0  9994
2 14064 065.0012 078.7313 0086369 059.5968 301.3648 14.93569305715928
0 COSMOS 1470
1 14147U 83061A   17118.89246661 +.00000053 +00000-0 +13177-5 0  9997
2 14147 082.4839 087.3849 0016976 071.1366 289.1703 15.10610515597090
0 SL-14 R/B
1 14148U 83061B   17118.95914861 +.00000103 +00000-0 +95983-5 0  9990
2 14148 082.5167 315.6948 0022738 132.4056 339.1608 14.83224354806413
0 COSMOS 1484
1 14207U 83075A   13028.01864212  .17144267  28817-5  11508-3 0  9996
2 14207 097.5736 255.6458 0007149 229.5798 131.1414 16.53734211 67024
0 SL-3 R/B
1 14208U 83075B   17118.94385182 +.00000285 +00000-0 +20949-4 0  9999
2 14208 097.3423 131.5308 0037996 302.4570 057.2988 15.10350883839778
0 COSMOS 1500
1 14372U 83099A   17118.87800115 +.00000870 +00000-0 +41906-4 0  9993
2 14372 082.5180 032.3126 0013889 256.0836 149.5825 15.17368744830022
0 SL-14 R/B
1 14373U 83099B   17118.94751554 +.00000088 +00000-0 +77221-5 0  9995
2 14373 082.5382 290.5614 0021010 033.0620 127.3218 14.83672996792471
0 SL-8 R/B
1 14484U 83111B   15205.93052686  .08845674 -13632-5  17840-3 0  9993
2 14484 082.7984 284.0558 0021915 241.5243 119.6463 16.44974174635216
0 COSMOS 1510
1 14521U 83115A   17118.97568219 -.00000040 +00000-0 -16865-3 0  9991
2 14521 073.6154 101.2527 0026861 070.8366 320.6336 12.41153972515090
0 COSMOS 1515
1 14551U 83122A   17118.89865178 +.00000913 +00000-0 +44641-4 0  9998
2 14551 082.5012 223.7256 0008979 104.4787 034.5419 15.16921332562098
0 SL-14 R/B
1 14552U 83122B   17118.57064592 +.00000089 +00000-0 +79710-5 0  9995
2 14552 082.5217 123.0840 0016334 327.5101 032.5107 14.83395005801823
0 COSMOS 1536
1 14699U 84013A   17118.85788088 +.00000974 +00000-0 +66522-4 0  9990
2 14699 082.5281 017.2896 0011566 219.1491 140.8900 15.05034832805675
0 SL-14 R/B
1 14700U 84013B   17118.91509446 +.00000122 +00000-0 +11931-4 0  9998
2 14700 082.5395 202.9112 0021040 128.6564 352.3183 14.83183585772616
0 COSMOS 1544
1 14819U 84027A   17118.37509663 +.00001723 +00000-0 +66205-4 0  9997
2 14819 082.4845 077.8243 0013425 209.8587 150.1886 15.25677803807986
0 SL-14 R/B
1 14820U 84027B   17118.89232960 +.00000116 +00000-0 +11210-4 0  9990
2 14820 082.5457 031.3603 0017727 219.8290 140.1625 14.83549707767567
0 SL-8 R/B
1 14966U 84043B   17118.97177500 -.00000165 +00000-0 -19034-3 0  9993
2 14966 082.9703 128.8852 0015667 195.6746 190.2343 13.74487257652951
0 COSMOS 1589
1 15171U 84084A   17118.96981102 +.00000023 +00000-0 +97518-4 0  9992
2 15171 082.6014 040.9221 0007230 108.2072 313.7072 12.42196009483639
0 COSMOS 1603
1 15333U 84106A   17118.76046457 +.00000100 +00000-0 +77192-4 0  9992
2 15333 071.0258 195.8731 0021584 280.4181 079.4508 14.14048748681030
0 ERBS
1 15354U 84108B   17118.91223745 +.00003415 +00000-0 +84091-4 0  9999
2 15354 057.0090 350.4950 0013467 035.9575 324.2384 15.43388619790327
0 COSMOS 1606
1 15369U 84111A   17118.73266373 +.00000741 +00000-0 +37264-4 0  9992
2 15369 082.5285 171.2152 0019539 071.8342 288.5016 15.15508009772973
0 SL-14 R/B
1 15370U 84111B   17118.88668725 +.00000108 +00000-0 +10181-4 0  9993
2 15370 082.5185 053.7142 0020002 213.6040 146.3908 14.83604823735767
0 SL-8 R/B
1 15483U 85006B   17118.92776324 -.00000023 +00000-0 +10830-5 0  9991
2 15483 074.0451 085.6608 0017615 078.4446 338.7090 14.36173006689206
0 COSMOS 1626
1 15494U 85009A   17118.84373169 +.00001463 +00000-0 +62114-4 0  9996
2 15494 082.4773 299.0313 0001682 182.6640 308.5578 15.22311298760976
0 SL-14 R/B
1 15495U 85009B   17118.87974299 +.00000110 +00000-0 +10291-4 0  9998
2 15495 082.5260 233.6463 0021369 130.2190 230.0900 14.83764156721563
0 SL-14 R/B
1 15517U 85013B   17118.61329054 +.00000013 +00000-0 -15429-5 0  9995
2 15517 082.5328 121.1135 0014286 338.5027 021.5532 13.84875979628377
0 SL-14 R/B
1 15593U 85020B   17118.62930168 +.00000100 +00000-0 +90803-5 0  9997
2 15593 082.5354 309.0325 0011129 196.3159 206.2963 14.84270622715852
0 GEOSAT
1 15595U 85021A   17118.75969245 -.00000054 +00000-0 +26862-4 0  9994
2 15595 108.0450 353.3275 0001203 259.7139 141.0702 14.38018877683015
0 COSMOS 1656
1 15755U 85042A   17118.96794478 -.00000075 +00000-0 -13019-4 0  9996
2 15755 071.1084 106.9340 0033776 130.3550 230.0534 14.20408296653436
0 SL-12 R/B(2)
1 15772U 85042D   17118.93056946 +.00000054 +00000-0 +46231-4 0  9990
2 15772 071.1076 079.6408 0033599 121.7076 296.7387 14.21200279654457
0 COSMOS 1660
1 15821U 85047A   17118.90406725 -.00000019 +00000-0 -10102-4 0  9992
2 15821 073.6250 330.6044 0027278 168.1760 293.2402 12.40770182443653
0 SL-14 R/B
1 15890U 85058B   17118.64766073 +.00000095 +00000-0 +86369-5 0  9997
2 15890 082.5240 307.0234 0021597 028.1811 015.9793 14.83320407696401
0 SL-14 R/B
1 15945U 85069B   17118.86094183 +.00000108 +00000-0 +10040-4 0  9997
2 15945 082.5289 179.2161 0021372 085.5804 274.7852 14.83920567692638
0 SL-8 R/B
1 16012U 85079B   17118.87633381 +.00000058 +00000-0 +28808-4 0  9999
2 16012 074.0602 225.3547 0014229 145.1686 215.0402 14.36238313656519
0 SL-3 R/B
1 16111U 85090B   17118.94855286 +.00006107 +00000-0 +10194-3 0  9999
2 16111 097.3561 229.2633 0016208 191.2873 168.8019 15.52198889736654
0 SL-16 R/B
1 16182U 85097B   17118.95447865 +.00000128 +00000-0 +88953-4 0  9991
2 16182 071.0007 111.6490 0006920 165.2673 215.3579 14.16211883628973
0 SL-14 R/B
1 16263U 85108B   17118.72830823 +.00000103 +00000-0 +96317-5 0  9996
2 16263 082.5034 160.7246 0020970 147.4435 344.9089 14.82981302675973
0 SL-8 R/B
1 16494U 86005B   17118.94226171 +.00000098 +00000-0 +84547-4 0  9992
2 16494 082.9285 108.4253 0020092 018.9594 037.8647 13.76477399570881
0 SL-14 R/B
1 16496U 86006B   17118.91318830 +.00000116 +00000-0 +11047-4 0  9992
2 16496 082.5271 055.5307 0018037 229.5416 193.3482 14.84025045668942
0 SL-8 R/B
1 16511U 86008B   17118.94631271 -.00000006 +00000-0 -22264-4 0  9995
2 16511 082.9437 256.4236 0025250 062.1150 056.7759 13.75807070569249
0 COSMOS 1732
1 16593U 86015A   17118.94842296 -.00000034 +00000-0 -12051-3 0  9997
2 16593 073.6080 096.2940 0028930 168.1568 205.2743 12.41034491413928
0 COSMOS 1733
1 16611U 86018A   17118.90919236 +.00001211 +00000-0 +60844-4 0  9996
2 16611 082.4889 087.5424 0013518 146.4500 213.7592 15.16245928701251
0 SL-14 R/B
1 16612U 86018B   17118.74033321 +.00000102 +00000-0 +92889-5 0  9994
2 16612 082.5167 342.8273 0016680 320.4207 085.3662 14.84144065563028
0 COSMOS 1736
1 16647U 86024A   17118.86323403 -.00000061 +00000-0 +25506-4 0  9991
2 16647 064.9883 228.1695 0054763 230.2846 259.4471 13.79410878568433
0 SL-14 R/B
1 16720U 86034B   17118.94114792 +.00000094 +00000-0 +86289-5 0  9993
2 16720 082.5516 287.4072 0018677 263.5602 183.7338 14.83286091650879
0 COSMOS 1758
1 16791U 86046A   17118.91504152 +.00000639 +00000-0 +43653-4 0  9996
2 16791 082.4703 080.0799 0015247 255.4575 104.4960 15.04388215677994
0 COSMOS 1766
1 16881U 86055A   17118.93767489 +.00001358 +00000-0 +81467-4 0  9996
2 16881 082.5096 071.8502 0014182 269.1519 090.8085 15.10079999652843
0 SL-14 R/B
1 16882U 86055B   17118.92795860 +.00000108 +00000-0 +10333-4 0  9996
2 16882 082.5193 279.6552 0019205 205.2167 268.1249 14.83112636639499
0 EGS (AJISAI)
1 16908U 86061A   17118.91097516 -.00000094 +00000-0 +21388-4 0  9991
2 16908 050.0100 326.0620 0011287 329.6136 166.3977 12.44485460065097
0 COSMOS 1771
1 16917U 86062A   17118.89679263 -.00000080 +00000-0 +78534-5 0  9995
2 16917 064.9839 336.2114 0064762 299.7955 059.6674 13.82496790550541
0 COSMOS 1782
1 16986U 86074A   17118.69829741 +.00000430 +00000-0 +27083-4 0  9990
2 16986 082.5086 169.3755 0011958 146.6740 213.5243 15.06532106642224
0 SL-14 R/B
1 16987U 86074B   17118.80652275 +.00000111 +00000-0 +10726-4 0  9992
2 16987 082.5177 356.6673 0019694 065.4623 340.9845 14.82957883651150
0 SL-8 R/B
1 17160U 86093B   17118.93916523 -.00000012 +00000-0 -27665-4 0  9992
2 17160 082.9249 100.8464 0037609 286.7668 153.0129 13.74592105525833
0 COSMOS 1803
1 17177U 86094A   17118.86055017 +.00000001 +00000-0 -67305-4 0  9997
2 17177 082.6055 251.1101 0004309 149.9029 321.4393 12.41551914377939
0 COSMOS 1805
1 17191U 86097A   17118.92385139 +.00000324 +00000-0 +17246-4 0  9990
2 17191 082.4737 077.9911 0003306 234.6479 125.4443 15.11707134655912
0 SL-14 R/B
1 17291U 87001B   17118.91556324 +.00000016 +00000-0 +10001-5 0  9993
2 17291 082.4667 260.6732 0011353 175.0842 185.0432 13.84566158531606
0 COSMOS 1812
1 17295U 87003A   17118.85192323 +.00000486 +00000-0 +24786-4 0  9992
2 17295 082.5163 193.5376 0002139 321.6877 038.4203 15.14425239651495
0 COSMOS 1818
1 17369U 87011A   17118.87265928 -.00000080 +00000-0 +77232-5 0  9993
2 17369 065.0112 231.2733 0013873 257.6370 240.0936 14.31421261631285
0 MOS 1A (MOMO 1)
1 17527U 87018A   17118.94037358 -.00000277 +00000-0 -14997-3 0  9994
2 17527 099.2693 132.3583 0009951 069.5490 348.4006 14.02477425542343
0 N-2 R/B
1 17528U 87018B   17118.90283045 +.00000119 +00000-0 +34938-4 0  9998
2 17528 097.4470 081.5522 0153523 091.7572 327.9461 14.50765839572115
0 COSMOS 1823
1 17535U 87020A   17118.85605265 +.00000012 +00000-0 +21904-3 0  9995
2 17535 073.6026 199.0487 0028473 341.4373 145.4428 12.41315151367844
0 COSMOS 1825
1 17566U 87024A   17118.69898302 +.00001144 +00000-0 +53772-4 0  9997
2 17566 082.5047 339.2236 0004930 045.0817 315.0817 15.18602688646042
0 SL-14 R/B
1 17567U 87024B   17118.88716810 +.00000121 +00000-0 +11691-4 0  9990
2 17567 082.5299 245.1583 0020121 145.2377 215.0158 14.83649762629151
0 COSMOS 1833
1 17589U 87027A   17118.92881184 +.00000296 +00000-0 +18409-3 0  9995
2 17589 070.9197 288.2553 0026842 024.9520 335.2892 14.12890551553115
0 SL-16 R/B
1 17590U 87027B   17118.84847467 +.00000100 +00000-0 +73828-4 0  9995
2 17590 071.0027 253.8672 0004749 353.3099 006.7960 14.16739174556906
0 SL-14 R/B
1 17912U 87038B   17118.90662445 +.00000091 +00000-0 +81904-5 0  9997
2 17912 082.5002 096.6109 0021217 036.6112 323.6548 14.82926549599343
0 COSMOS 1844
1 17973U 87041A   17118.89680935 +.00000293 +00000-0 +17842-3 0  9992
2 17973 070.9005 017.4489 0031988 202.7812 157.1892 14.14049105545976
0 SL-16 R/B
1 17974U 87041B   17118.93153955 -.00000226 +00000-0 -88144-4 0  9997
2 17974 071.0102 013.6210 0011804 112.3626 324.6011 14.17221792549505
0 COSMOS 1860
1 18122U 87052A   17118.92580741 -.00000081 +00000-0 +64436-5 0  9998
2 18122 065.0119 038.1727 0061887 235.9809 123.5364 13.84804397510829
0 SL-14 R/B
1 18153U 87055B   17118.95899809 +.00000101 +00000-0 +94906-5 0  9993
2 18153 082.4990 150.7098 0020185 243.8539 116.0600 14.83173369589980
0 COSMOS 1867
1 18187U 87060A   17118.89491830 -.00000068 +00000-0 +12262-4 0  9998
2 18187 065.0123 006.7545 0015235 259.3513 100.5856 14.31083767556714
0 SL-14 R/B
1 18215U 87062B   17118.96559280 +.00000092 +00000-0 +84037-5 0  9990
2 18215 082.5111 329.7372 0019076 289.1730 185.0181 14.83101337587581
0 SL-14 R/B
1 18422U 87088B   17118.90888880 +.00000113 +00000-0 +11041-4 0  9991
2 18422 082.5138 223.0423 0018293 239.1229 256.7301 14.82921645573420
0 SL-8 R/B
1 18586U 87098B   17118.94431664 +.00000061 +00000-0 +29659-4 0  9997
2 18586 074.0089 026.0113 0019966 094.8738 342.0485 14.36778895539989
0 COSMOS 1900
1 18665U 87101A   17118.90235613 -.00000051 +00000-0 +12323-4 0  9992
2 18665 066.0849 335.5962 0038061 342.5514 017.4280 14.54417902563223
0 COSMOS 1908
1 18748U 88001A   17118.95874028 +.00000591 +00000-0 +30956-4 0  9998
2 18748 082.4710 111.0487 0015305 061.7607 298.5167 15.13763667598055
0 SL-14 R/B
1 18749U 88001B   17118.79646723 +.00000117 +00000-0 +11316-4 0  9993
2 18749 082.5149 351.2179 0020241 111.6865 295.4644 14.83105275562053
0 SL-14 R/B
1 18821U 88005B   17118.93217087 +.00000005 +00000-0 -92555-5 0  9993
2 18821 082.5402 101.3767 0015611 110.5035 249.7803 13.85105259478176
0 SL-8 R/B
1 18945U 88016J   17118.87247892 +.00000010 +00000-0 +21747-3 0  9990
2 18945 074.0116 018.1128 0140496 185.5460 242.7819 12.23983269301688
0 COSMOS 1932
1 18957U 88019A   17118.94874742 -.00000088 +00000-0 -56441-6 0  9993
2 18957 065.0454 056.6781 0060579 276.8286 082.5882 13.79669299468872
0 COSMOS 1933
1 18958U 88020A   17118.68038669 +.00000299 +00000-0 +19924-4 0  9992
2 18958 082.5283 151.6243 0013425 091.1471 269.1293 15.03206237562926
0 SL-14 R/B
1 18959U 88020B   17118.64659672 +.00000086 +00000-0 +75547-5 0  9990
2 18959 082.5356 317.1122 0015565 303.7131 056.2599 14.83333853552155
0 SL-3 R/B
1 18961U 88021B   17118.94137189 +.00000231 +00000-0 +18392-3 0  9996
2 18961 099.3332 125.8352 0054942 002.4213 007.7196 14.00699667488523
0 SL-8 R/B
1 18986U 88023B   17118.92597024 -.00000017 +00000-0 -31994-4 0  9999
2 18986 082.9535 080.4722 0041793 358.5591 001.5440 13.78606615463571
0 SL-8 R/B
1 19039U 88029B   17118.92637890 +.00000060 +00000-0 +28149-4 0  9995
2 19039 074.0503 030.1399 0024488 217.3860 212.9970 14.38361295523485
0 SL-3 R/B
1 19046U 88032B   17118.90556379 -.00000403 +00000-0 -25604-4 0  9993
2 19046 097.5330 167.2478 0038328 133.8668 226.5735 15.02186409564958
0 COSMOS 1943
1 19119U 88039A   17118.84206435 -.00000184 +00000-0 -70178-4 0  9991
2 19119 071.0042 205.4070 0009887 142.2551 356.2300 14.15091008494844
0 SL-16 R/B
1 19120U 88039B   17118.96386470 +.00000109 +00000-0 +74978-4 0  9991
2 19120 071.0150 068.9273 0024261 264.1195 095.7164 14.19166567499131
0 COSMOS 1953
1 19210U 88050A   17118.90236366 +.00001308 +00000-0 +89477-4 0  9998
2 19210 082.5167 081.1680 0015022 069.8756 290.4086 15.05224288549294
0 SL-8 R/B
1 19257U 88053B   17118.94544288 +.00000092 +00000-0 +39697-4 0  9999
2 19257 074.0478 307.0663 0020933 212.2222 253.8545 14.37353656511418
0 OKEAN 1
1 19274U 88056A   17118.75126951 +.00000790 +00000-0 +52630-4 0  9990
2 19274 082.5063 198.6292 0013735 121.8874 238.3691 15.05651930546312
0 SL-14 R/B
1 19275U 88056B   17118.84261039 +.00000115 +00000-0 +11245-4 0  9996
2 19275 082.5185 017.5331 0020414 012.2582 347.9125 14.82634693534869
0 FENGYUN 1A
1 19467U 88080A   17118.88060530 -.00000218 +00000-0 -11117-3 0  9996
2 19467 099.1614 094.1659 0013793 194.2505 165.8273 14.03045354466201
0 COSMOS 1975
1 19573U 88093A   17118.90977016 +.00001042 +00000-0 +72964-4 0  9999
2 19573 082.5233 033.1575 0015898 104.7942 255.5047 15.04131822531264
0 SL-14 R/B
1 19574U 88093B   17118.76908573 +.00000111 +00000-0 +10678-4 0  9996
2 19574 082.5340 191.2688 0020083 280.2421 219.5991 14.83214299521037
0 COSMOS 1980
1 19649U 88102A   17118.56016374 -.00000268 +00000-0 -11458-3 0  9998
2 19649 070.9991 169.9993 0004670 002.9824 357.1325 14.14661634467283
0 SL-16 R/B
1 19650U 88102B   17118.62125947 +.00000040 +00000-0 +44833-4 0  9994
2 19650 070.9972 119.3203 0016521 259.5407 100.3855 14.15754553468700
0 SL-8 R/B
1 19910U 89025J   17118.93931712 +.00000002 +00000-0 +15244-3 0  9998
2 19910 074.0107 010.8570 0131555 026.7152 089.2986 12.23273468254590
0 SL-8 R/B
1 19922U 89028B   17118.90796133 +.00000103 +00000-0 +88134-4 0  9998
2 19922 082.9563 103.3479 0037228 025.8528 334.4479 13.77197062410199
0 SL-8 R/B
1 20150U 89059B   17118.97239292 -.00000011 +00000-0 -26982-4 0  9995
2 20150 082.9370 130.6095 0030286 061.3569 324.2337 13.75630751393414
0 COSMOS 2037
1 20196U 89068A   17118.92503192 -.00000041 +00000-0 -17003-3 0  9999
2 20196 073.5644 100.3192 0026300 270.1518 152.4749 12.40583296252191
0 INTERCOSMOS 24
1 20261U 89080A   17118.86292116 -.00000063 +00000-0 -22588-4 0  9999
2 20261 082.5964 041.8999 1203783 210.4522 142.1046 12.55871303260187
0 SL-14 R/B
1 20262U 89080C   17118.91335651 +.00000138 +00000-0 +36591-4 0  9998
2 20262 082.5913 087.6598 1237664 008.9847 353.1317 12.48859608255994
0 COBE
1 20322U 89089A   17118.92609563 +.00000073 +00000-0 +73111-4 0  9998
2 20322 098.9544 135.6594 0009254 047.7258 013.5241 14.04793880406174
0 DELTA 1 R/B
1 20323U 89089B   17118.92635091 +.00000065 +00000-0 +26082-4 0  9990
2 20323 097.1050 072.5639 0070504 234.7486 124.7100 14.48192246427061
0 DELTA 2 R/B(1)
1 20362U 89097B   17118.67148269 +.00012850 +00000-0 +19497-3 0  9996
2 20362 035.6070 196.9245 0055967 217.0346 273.1764 15.51926389492573
0 SL-8 R/B
1 20433U 90004B   17118.93710789 -.00000000 +00000-0 +88847-5 0  9998
2 20433 074.0354 086.5715 0041967 228.8644 187.8721 14.35982986427855
0 SPOT 2
1 20436U 90005A   17118.85582420 +.00000356 +00000-0 +64982-4 0  9998
2 20436 098.6462 024.3997 0146629 049.6797 311.7113 14.66175987425817
0 DELTA 2 R/B(1)
1 20453U 90008B   17118.57021738 +.00001167 +00000-0 +70423-4 0  9997
2 20453 035.6236 161.7651 0289363 115.6507 247.4393 14.83028779440834
0 COSMOS 2058
1 20465U 90010A   17118.90581426 +.00000482 +00000-0 +38911-4 0  9990
2 20465 082.4871 295.2373 0017177 100.1322 260.1839 14.97487136456859
0 SL-14 R/B
1 20466U 90010B   17118.92690694 +.00000106 +00000-0 +10457-4 0  9999
2 20466 082.5048 058.6954 0021571 137.1393 223.1507 14.81276619449144
0 SL-8 R/B
1 20509U 90017B   17118.84410393 +.00000021 +00000-0 +62330-5 0  9995
2 20509 082.9557 001.5935 0041985 301.6467 058.0596 13.75544378363339
0 OKEAN 2
1 20510U 90018A   17118.96674105 +.00000553 +00000-0 +43498-4 0  9997
2 20510 082.5181 218.7070 0013342 143.1099 338.0525 14.98885154452954
0 SL-14 R/B
1 20511U 90018B   17118.81606310 +.00000083 +00000-0 +78977-5 0  9994
2 20511 082.5246 000.0917 0015944 275.7157 129.2130 14.79935943443667
0 SL-8 R/B
1 20528U 90023B   17118.90754069 +.00000102 +00000-0 +93874-4 0  9997
2 20528 082.9330 099.7984 0032254 160.0016 229.3985 13.72836762358009
0 HST
1 20580U 90037B   17118.93998804 +.00000727 +00000-0 +33999-4 0  9995
2 20580 028.4704 332.9311 0002739 007.6629 104.9166 15.08749554282754
0 COSMOS 2082
1 20624U 90046A   17118.89711895 -.00000276 +00000-0 -11985-3 0  9993
2 20624 071.0386 317.7356 0012881 105.4675 254.7871 14.14220155390002
0 SL-16 R/B
1 20625U 90046B   17118.85124418 -.00000061 +00000-0 -70323-5 0  9994
2 20625 070.9984 252.6817 0014748 190.5163 169.5654 14.14611137390607
0 ROSAT
1 20638U 90049A   11295.95477602 +.11801250 +12635-4 +14055-3 0  9996
2 20638 052.9649 145.0450 0003875 266.7349 093.8309 16.49742883194609
0 COSMOS 2084
1 20663U 90055A   17118.95195956 +.00000351 +00000-0 +46814-4 0  9999
2 20663 062.7935 032.4543 0140541 085.1696 276.5429 14.91543238452457
0 SL-6 R/B(2)
1 20666U 90055D   17118.89126429 +.00000351 +00000-0 +47115-4 0  9999
2 20666 062.7837 311.5758 0133622 104.2738 257.3238 14.91898914453823
0 INTELSAT 604
1 20667U 90056A   17118.86507916 -.00000022 +00000-0 +00000-0 0  9996
2 20667 012.0674 035.4880 0008607 249.1438 295.0086 00.98432896013635
0 COSMOS 2088
1 20720U 90066A   17118.66618413 +.00000009 +00000-0 +19700-3 0  9994
2 20720 073.5989 183.0365 0025558 348.6954 125.6321 12.40730706211569
0 SL-14 R/B
1 20741U 90070G   17118.69854433 +.00000028 +00000-0 +10880-3 0  9990
2 20741 082.5805 013.8210 0035246 326.2423 091.6945 12.55691870224771
0 SL-8 R/B
1 20775U 90078B   17118.92437288 +.00002260 +00000-0 +11050-3 0  9996
2 20775 082.9282 088.5621 0590661 133.8462 231.3144 14.30372409341737
0 FENGYUN 1B
1 20788U 90081A   17118.93865568 +.00000255 +00000-0 +19295-3 0  9992
2 20788 098.8501 147.3072 0015257 277.9279 082.0156 14.02652035363793
0 SL-8 R/B
1 20805U 90083B   17118.96252043 -.00000038 +00000-0 -54905-4 0  9994
2 20805 082.9344 097.5048 0030780 168.5897 244.3790 13.75816241336360
0 SL-14 R/B
1 20967U 90104B   07008.18498612  .13537369 -13386-5  56173-4 0  9992
2 20967 082.4240 094.1023 0009798 286.5108 140.5507 16.57327006903997
0 SL-8 R/B
1 21015U 90111B   17118.94715071 +.00000055 +00000-0 +27735-4 0  9991
2 21015 074.0513 227.1349 0021096 147.0622 333.1305 14.35894452478821
0 SL-8 R/B
1 21088U 91006B   17118.94322010 +.00000077 +00000-0 +62249-4 0  9995
2 21088 082.9442 056.8432 0023943 097.4221 330.4712 13.77051619318556
0 SL-8 R/B
1 21090U 91007B   17118.92804164 -.00000023 +00000-0 -39477-4 0  9992
2 21090 082.9192 275.2594 0021015 167.9789 192.1873 13.76330268316948
0 SL-8 R/B
1 21153U 91019B   17118.93102712 +.00000069 +00000-0 +55718-4 0  9990
2 21153 082.9264 238.9201 0027779 286.9941 212.5366 13.75858359311623
0 SL-8 R/B
1 21231U 91029B   17118.67280983 +.00000043 +00000-0 +28990-4 0  9990
2 21231 082.9501 145.3593 0035421 010.5454 128.5063 13.75742031306715
0 NOAA 12
1 21263U 91032A   17118.89514758 -.00000016 +00000-0 +11498-4 0  9999
2 21263 098.5676 144.0360 0014864 068.0820 292.1939 14.25840530349443
0 OKEAN 3
1 21397U 91039A   17118.77948974 +.00000332 +00000-0 +29743-4 0  9994
2 21397 082.5234 185.3434 0019075 046.6204 313.6601 14.92464487402410
0 COSMOS 2151
1 21422U 91042A   17118.89995926 +.00000246 +00000-0 +21790-4 0  9997
2 21422 082.4980 293.3469 0015832 098.5665 261.7350 14.91808733380074
0 SL-14 R/B
1 21423U 91042B   17118.83154733 +.00000094 +00000-0 +93448-5 0  9996
2 21423 082.4961 007.5430 0018920 055.1189 305.1799 14.79688355374242
0 ERS 1
1 21574U 91050A   17118.91778197 +.00000075 +00000-0 +39202-4 0  9993
2 21574 098.4558 066.8684 0034210 101.6102 258.8928 14.37578193350524
0 ARIANE 40 R/B
1 21610U 91050F   17118.81098437 +.00000039 +00000-0 +26248-4 0  9991
2 21610 098.6097 175.0549 0004439 093.2235 030.7777 14.40791756352720
0 UARS
1 21701U 91063B   11267.10904230  .15227068  11945-4  11522-3 0  9995
2 21701 056.9313 262.1789 0003645 318.1436 041.9334 16.52554649109189
0 SL-14 R/B
1 21734U 91068G   17118.86890455 +.00000001 +00000-0 -51811-4 0  9996
2 21734 082.5853 026.3965 0106848 268.9051 156.4238 12.54223169171552
0 SL-8 R/B
1 21797U 91081B   17118.96450906 +.00000021 +00000-0 +55935-5 0  9997
2 21797 082.9515 098.7495 0036874 224.9754 187.7064 13.77398266277350
0 INTERCOSMOS 25
1 21819U 91086A   17118.94593301 +.00000894 +00000-0 +17054-3 0  9998
2 21819 082.5481 092.6110 1525633 191.6199 164.5544 12.04456423106334
0 SL-14 R/B
1 21820U 91086B   17118.63040387 +.00000224 +00000-0 +40265-4 0  9995
2 21820 082.5584 147.7321 1577135 018.5195 346.7153 11.93298111100871
0 SL-8 R/B
1 21876U 92008B   17118.74369897 +.00000100 +00000-0 +87676-4 0  9993
2 21876 082.9255 153.9648 0035106 169.8931 329.4609 13.75598025264588
0 SL-8 R/B
1 21903U 92012B   17118.89480992 +.00000050 +00000-0 +36903-4 0  9996
2 21903 082.9395 220.2178 0041871 227.9394 265.9528 13.74454673260539
0 SL-8 R/B
1 21938U 92020B   17118.87648361 +.00000033 +00000-0 +18836-4 0  9993
2 21938 082.9333 037.0727 0028643 332.3925 093.7985 13.75252342256513
0 SL-8 R/B
1 21984U 92030J   17118.94771376 +.00000055 +00000-0 +64536-3 0  9997
2 21984 074.0003 300.6708 0124031 274.6449 241.5358 12.22218214111007
0 TOPEX/POSEIDON
1 22076U 92052A   17118.65402525 -.00000037 +00000-0 +10351-3 0  9996
2 22076 066.0411 223.8344 0008074 272.3067 184.0572 12.81010218156169
0 ARIANE 42P R/B
1 22079U 92052D   17118.93258437 -.00000031 +00000-0 +13296-3 0  9996
2 22079 066.0686 351.0709 0067409 008.9252 074.3483 12.77848257153099
0 SL-8 R/B
1 22081U 92053B   17118.72171745 +.00000042 +00000-0 +24359-4 0  9997
2 22081 074.0436 167.8647 0035343 150.9715 209.3412 14.33377185291278
0 COSMOS 2219
1 22219U 92076A   17118.94933139 -.00000026 +00000-0 +10966-4 0  9994
2 22219 071.0608 300.5671 0015985 105.0239 255.2653 14.13617423260930
0 SL-16 R/B
1 22220U 92076B   17118.69353368 +.00000174 +00000-0 +11142-3 0  9997
2 22220 070.9988 163.4332 0013415 338.9686 160.0456 14.16412952263435
0 SL-16 R/B
1 22285U 92093B   17118.89199570 -.00000272 +00000-0 -11577-3 0  9995
2 22285 071.0209 315.6906 0005574 224.2551 135.8127 14.15007080255287
0 COSMOS 2228
1 22286U 92094A   17118.88037570 +.00000290 +00000-0 +29127-4 0  9996
2 22286 082.5226 060.5873 0019036 286.9516 072.9614 14.87649545294098
0 SL-16 R/B
1 22566U 93016B   17118.72014329 -.00000189 +00000-0 -73027-4 0  9999
2 22566 071.0073 170.7607 0011720 219.6358 140.3909 14.14949557244267
0 COSMOS 2242
1 22626U 93024A   17118.49578373 +.00000308 +00000-0 +31098-4 0  9996
2 22626 082.5208 088.6646 0017522 287.6412 072.2892 14.87646102298761
0 SL-16 R/B
1 22803U 93059B   17118.94401574 -.00000166 +00000-0 -59176-4 0  9990
2 22803 070.9917 353.2047 0014999 102.3439 257.9364 14.16770801221059
0 ARIANE 40 R/B
1 22830U 93061H   17118.93268061 -.00000036 +00000-0 +37713-5 0  9993
2 22830 098.8863 133.2059 0011993 074.1097 344.8414 14.31410390230945
0 COSMOS 2278
1 23087U 94023A   17118.95725935 -.00000229 +00000-0 -96002-4 0  9997
2 23087 071.0527 101.8704 0011580 286.2044 073.7803 14.13746698187290
0 SL-16 R/B
1 23088U 94023B   17118.77642029 +.00000289 +00000-0 +17509-3 0  9998
2 23088 071.0018 025.7611 0003889 206.5734 153.5190 14.14653372188284
0 SL-16 R/B
1 23343U 94074B   17118.94306071 -.00000001 +00000-0 +74034-5 0  9992
2 23343 098.1584 155.5245 0005955 222.6625 189.2263 14.76696443209358
0 ERS 2
1 23560U 95021A   17118.94385494 +.00001815 +00000-0 +86972-4 0  9998
2 23560 098.5536 104.6762 0005073 106.7983 253.3806 15.20526972167874
0 ARIANE 40+ R/B
1 23561U 95021B   17118.92926185 +.00000038 +00000-0 +27972-4 0  9996
2 23561 098.7929 118.9847 0007852 051.4253 004.5278 14.37809079153950
0 SL-16 R/B
1 23705U 95058B   17118.96948448 -.00000216 +00000-0 -86931-4 0  9996
2 23705 071.0192 132.2979 0012195 002.1165 358.0007 14.15101958109924
0 SL-16 R/B
1 24298U 96051B   17118.50893308 +.00000042 +00000-0 +48887-4 0  9995
2 24298 070.8494 166.7893 0019205 254.1195 105.7809 14.12492326064805
0 ORBVIEW 2 (SEASTAR)
1 24883U 97037A   17118.90528134 +.00000064 +00000-0 +38877-4 0  9998
2 24883 098.5360 228.2241 0001341 231.0152 129.0913 14.33385092044597
0 TRMM
1 25063U 97074A   15166.76390326  .03950263  00000-0  41679-3 0  9996
2 25063 034.9372 203.9770 0001344 140.8634 219.2792 16.36482121  1874
0 SL-16 R/B
1 25400U 98043G   17118.86718557 +.00000001 +00000-0 +18148-4 0  9997
2 25400 098.4843 068.6749 0011040 080.9796 279.2634 14.25408963978047
0 SL-16 R/B
1 25407U 98045B   17118.62214818 +.00000023 +00000-0 +36022-4 0  9996
2 25407 071.0093 145.5926 0009958 279.0015 080.9981 14.15757655968898
0 ISS (ZARYA)
1 25544U 98067A   17118.86658832 +.00003789 +00000-0 +64904-4 0  9998
2 25544 051.6427 284.1335 0005712 103.4876 046.8313 15.53931139054089
